-6.4692321, 53.3360017
-6.469233123945541, 53.335978948182905
-6.4295044, 53.334312
-6.4297474, 53.3343223
-6.431181, 53.3343856
-6.432227, 53.3344257
-6.4338873, 53.3344961
-6.4354296, 53.3345586
-6.437063, 53.3346259
-6.4392115, 53.334722
-6.4406787, 53.3347812
-6.4422182, 53.3348453
-6.4439697, 53.3349206
-6.4456407, 53.3349878
-6.4469604, 53.3350439
-6.448677, 53.335116
-6.4506189, 53.3351944
-6.4520566, 53.3352553
-6.4534835, 53.3353146
-6.4554281, 53.3353963
-6.4570535, 53.3354651
-6.4585824, 53.3355324
-6.4600362, 53.3355916
-6.4617042, 53.3356605
-6.4640351, 53.3357598
-6.4668836, 53.3358783
-6.4688121, 53.33596
-6.469233123945541, 53.335978948182905
-6.40640070784899, 53.33332619501362
-6.4077706, 53.333383
-6.408358, 53.3334102
-6.4087979, 53.333431
-6.4101149, 53.3334887
-6.4112334, 53.3335415
-6.4125208, 53.333596
-6.4139907, 53.3336536
-6.4156215, 53.3337241
-6.4170484, 53.3337866
-6.4187462, 53.3338619
-6.420149, 53.3339147
-6.4219998, 53.3339916
-6.4237673, 53.3340701
-6.4252291, 53.3341325
-6.4268331, 53.334195
-6.4273239, 53.3342206
-6.4286731, 53.3342767
-6.4295044, 53.334312
-6.3826683, 53.3336249
-6.3836978, 53.3335446
-6.3855046, 53.3334103
-6.3874627, 53.3332517
-6.3892785, 53.3331091
-6.3909898, 53.3329826
-6.3918186, 53.3329297
-6.3926447, 53.3328945
-6.3936586, 53.3328673
-6.3941521, 53.3328593
-6.3952474, 53.3328688
-6.3960386, 53.3328928
-6.3972027, 53.3329361
-6.3989274, 53.3330081
-6.4002282, 53.333061
-6.4018992, 53.3331331
-6.4029668, 53.333178
-6.4046507, 53.3332517
-6.4060198, 53.3333104
-6.40640070784899, 53.33332619501362
-6.378554629279588, 53.33394415335321
-6.3799619, 53.3338375
-6.3804818, 53.3337961
-6.3822243, 53.3336585
-6.3826683, 53.3336249
-6.3580076, 53.3355627
-6.3585506, 53.335518
-6.3593675, 53.3354538
-6.3607595, 53.3353465
-6.3621918, 53.3352376
-6.3638995, 53.3351016
-6.3649133, 53.3350247
-6.3670574, 53.3348628
-6.368546, 53.3347427
-6.3701714, 53.3346162
-6.3720811, 53.3344672
-6.3739506, 53.3343215
-6.3753954, 53.3341999
-6.377002, 53.3340653
-6.3789744, 53.3339114
-6.378554629279588, 53.33394415335321
-6.3491258, 53.3368169
-6.3508907, 53.336471
-6.3522104, 53.3362179
-6.353362, 53.3360288
-6.3542784, 53.3359024
-6.3549033, 53.3358304
-6.3554827, 53.3357663
-6.3566307, 53.3356654
-6.3580076, 53.3355627
-6.3451737, 53.3375933
-6.3458363, 53.3374644
-6.3471759, 53.3371997
-6.3491258, 53.3368169
-6.3298685, 53.3406123
-6.3302869, 53.3405195
-6.3310326, 53.3403609
-6.3314644, 53.340268
-6.3331131, 53.3399463
-6.3343505, 53.3397059
-6.3363997, 53.3393056
-6.3376996, 53.3390479
-6.3387735, 53.3388411
-6.3403586, 53.3385256
-6.3413189, 53.3383431
-6.3420002, 53.3382117
-6.3438151, 53.3378612
-6.3451737, 53.3375933
-6.3296611, 53.3406533
-6.3298685, 53.3406123
-6.3283702, 53.3409039
-6.3287652, 53.3408303
-6.3296611, 53.3406533
-6.3283702, 53.3409039
-6.3269963, 53.3412039
-6.3245881, 53.3416693
-6.3266294, 53.3412743
-6.3269963, 53.3412039
-6.3244441, 53.3416994
-6.3245881, 53.3416693
-6.3243189, 53.3417256
-6.3244441, 53.3416994
-6.3195908, 53.3425032
-6.3203903, 53.3424121
-6.3213168, 53.3422865
-6.3224853, 53.3420769
-6.3243189, 53.3417256
-6.3195908, 53.3425032
-6.3184033, 53.3426008
-6.3170342, 53.3426799
-6.3162363, 53.3427307
-6.3162363, 53.3427307
-6.3149064, 53.3428152
-6.314134, 53.3428591
-6.3129831, 53.342927
-6.3115186, 53.3430217
-6.3108751, 53.3430807
-6.3108751, 53.3430807
-6.3095399, 53.3432179
-6.309084, 53.3432817
-6.3085004, 53.3433701
-6.3082266, 53.3434163
-6.3082266, 53.3434163
-6.3079534, 53.3434839
-6.3077025, 53.3435572
-6.3077025, 53.3435572
-6.3076389, 53.3435742
-6.3076389, 53.3435742
-6.3073269, 53.3436655
-6.3069614, 53.3437973
-6.3069614, 53.3437973
-6.3065619, 53.3439701
-6.3039827, 53.3471961
-6.3039827, 53.3471032
-6.3039827, 53.3468614
-6.3039786, 53.3466973
-6.3039722, 53.3464438
-6.3040069, 53.3462081
-6.304081, 53.3459595
-6.3041584, 53.3457566
-6.3042857, 53.3455312
-6.3044074, 53.3453556
-6.3045393, 53.345213
-6.3048276, 53.3449432
-6.3050891, 53.3447422
-6.3053708, 53.3445548
-6.3056642, 53.3443951
-6.3065619, 53.3439701
-6.3039985, 53.3476638
-6.3039827, 53.3471961
-6.303995, 53.3483996
-6.3039985, 53.3476638
-6.2983382, 53.3529486
-6.2988492, 53.3527385
-6.2993373, 53.3526072
-6.2999757, 53.3524343
-6.3006302, 53.3522358
-6.3012793, 53.3520084
-6.301923, 53.3517779
-6.3021376, 53.3516402
-6.3025671, 53.3513374
-6.3027008, 53.3512431
-6.3031193, 53.3509582
-6.3035162, 53.3505803
-6.3037308, 53.3501993
-6.3038917, 53.3498342
-6.303995, 53.3483996
-6.2865079, 53.3687171
-6.2867832, 53.3686672
-6.2869654, 53.3686315
-6.2871565, 53.3685888
-6.2873345, 53.3685456
-6.2875201, 53.3684944
-6.2877207, 53.3684265
-6.2879311, 53.3683498
-6.2882198, 53.3682247
-6.2885307, 53.3680651
-6.2887466, 53.3679394
-6.2889047, 53.3678301
-6.2890217, 53.3677458
-6.289204, 53.3675845
-6.2893739, 53.3674221
-6.2894797, 53.3673013
-6.2895775, 53.3671698
-6.2896613, 53.3670473
-6.2897189, 53.3669508
-6.2897954, 53.3668099
-6.2899228, 53.3665875
-6.2901199, 53.3662114
-6.2903318, 53.365848
-6.2903949, 53.3657296
-6.2906577, 53.3652279
-6.2908388, 53.3649222
-6.2910171, 53.3645844
-6.2912035, 53.3642539
-6.2913993, 53.363901
-6.2915361, 53.3636481
-6.291571, 53.3635705
-6.2917373, 53.3632832
-6.2919546, 53.3628935
-6.2922241, 53.3623997
-6.2923985, 53.3620932
-6.2926895, 53.3615705
-6.2928772, 53.3612304
-6.2931026, 53.3608046
-6.2932742, 53.3604973
-6.2934432, 53.3602036
-6.2936377, 53.3598434
-6.2937356, 53.3596745
-6.2939568, 53.359268
-6.2941432, 53.3589246
-6.294437, 53.3583827
-6.2946877, 53.3579297
-6.2949251, 53.3575063
-6.2951021, 53.3571918
-6.295365, 53.3567011
-6.2955527, 53.3563649
-6.2956118, 53.3562577
-6.2958719, 53.3557686
-6.2960275, 53.3555021
-6.2962957, 53.3550122
-6.296572, 53.3545127
-6.2967651, 53.3541917
-6.2968335, 53.3540981
-6.2969891, 53.3538948
-6.2971607, 53.3537003
-6.2975242, 53.3534193
-6.2979319, 53.3531527
-6.2983382, 53.3529486
-6.2856958, 53.3688723
-6.2865079, 53.3687171
-6.2844288, 53.3690958
-6.2851512, 53.3689686
-6.2856958, 53.3688723
-6.2840113, 53.3691774
-6.2844288, 53.3690958
-6.2801938, 53.3689379
-6.28036, 53.3689923
-6.2805143, 53.3690427
-6.2807892, 53.3691187
-6.2811701, 53.3692035
-6.2814893, 53.3692563
-6.28174, 53.3692875
-6.2820441, 53.3693229
-6.2823384, 53.3693343
-6.2825776, 53.3693347
-6.2827987, 53.3693289
-6.2830504, 53.3693151
-6.2832816, 53.3692897
-6.283484, 53.3692666
-6.2836787, 53.3692373
-6.2840113, 53.3691774
-6.2748707, 53.3656072
-6.2753732, 53.3657856
-6.2757708, 53.3659371
-6.2759049, 53.3659931
-6.2761731, 53.3661115
-6.2764118, 53.3662268
-6.2768785, 53.3664916
-6.2770985, 53.3666397
-6.277297, 53.3667821
-6.2774901, 53.3669278
-6.2778388, 53.3672302
-6.2782867, 53.3676872
-6.2787319, 53.3681225
-6.2789304, 53.3682809
-6.2791718, 53.3684482
-6.2797163, 53.368753
-6.2799752, 53.3688635
-6.2801938, 53.3689379
-6.2748707, 53.3656072
-6.2754517, 53.3657809
-6.2757353, 53.365851
-6.2760458, 53.3659203
-6.2764438, 53.3659998
-6.276646, 53.3660412
-6.276842, 53.3660833
-6.2770789, 53.3661344
-6.2770789, 53.3661344
-6.2768367, 53.3660726
-6.2765988, 53.366003
-6.2763161, 53.3659122
-6.2760538, 53.3658246
-6.2754844, 53.3656291
-6.2752749, 53.3655676
-6.2752749, 53.3655676
-6.2749834, 53.3654781
-6.2749834, 53.3654781
-6.2739552, 53.3651721
-6.2739552, 53.3651721
-6.2716099, 53.3644967
-6.2716099, 53.3644967
-6.2703654, 53.3642054
-6.2700543, 53.3641445
-6.2664386, 53.3632994
-6.2631181, 53.3625376
-6.2613317, 53.3621214
-6.2605136, 53.3619309
-6.2597492, 53.3617244
-6.2593469, 53.3616092
-6.2584242, 53.3613547
-6.2574693, 53.3611282
-6.2564742, 53.3608937
-6.2554081, 53.3606424
-6.2546463, 53.3604727
-6.2542225, 53.3603735
-6.2536914, 53.360267
-6.2534755, 53.3602206
-6.2529967, 53.3601298
-6.2503937, 53.3595603
-6.2514934, 53.3597948
-6.2529967, 53.3601298
-6.2503937, 53.3595603
-6.2498867, 53.3594219
-6.2494804, 53.3593034
-6.2491934, 53.3592082
-6.2488849, 53.3590921
-6.2485443, 53.3589552
-6.2480481, 53.3587303
-6.2473426, 53.3583734
-6.2471187, 53.3582581
-6.2467459, 53.3580612
-6.2465903, 53.3579836
-6.2456006, 53.3574777
-6.2450943, 53.3572056
-6.2450943, 53.3572056
-6.2446116, 53.3569185
-6.2443175, 53.3567649
-6.2446116, 53.3569185
-6.2439198, 53.3564104
-6.2439624, 53.3564708
-6.2441476, 53.3566435
-6.2443175, 53.3567649
-6.2437713, 53.3562189
-6.2439198, 53.3564104
-6.243751, 53.3550058
-6.2436385, 53.3552262
-6.2435673, 53.3554445
-6.2435474, 53.3555532
-6.2435507, 53.3556886
-6.2435739, 53.3558141
-6.2437713, 53.3562189
-6.2444958, 53.3542846
-6.2443872, 53.3543557
-6.2442276, 53.3544796
-6.2441979, 53.3545027
-6.2440209, 53.354658
-6.2438653, 53.3548339
-6.243751, 53.3550058
-6.2452126, 53.3538766
-6.2450462, 53.3539614
-6.244806, 53.3540869
-6.2444958, 53.3542846
-6.2453061, 53.3538253
-6.2452126, 53.3538766
-6.2455198, 53.3537181
-6.2453061, 53.3538253
-6.2457299, 53.3536215
-6.2455198, 53.3537181
-6.2457883, 53.3535975
-6.2457299, 53.3536215
-6.2490465, 53.3523521
-6.2487924, 53.3524613
-6.2478764, 53.3527663
-6.2475546, 53.3528927
-6.2472005, 53.3530544
-6.2466075, 53.3532943
-6.2465273, 53.3533218
-6.2461088, 53.3534707
-6.2457883, 53.3535975
-6.2500479, 53.3519709
-6.249344, 53.3522447
-6.2490465, 53.3523521
-6.2508362, 53.3515696
-6.2503775, 53.3518136
-6.2501215, 53.3519363
-6.2500479, 53.3519709
-6.2511116, 53.3514231
-6.2508362, 53.3515696
-6.2517572, 53.3510933
-6.2514639, 53.3512382
-6.2511116, 53.3514231
-6.2527467, 53.3505691
-6.2521668, 53.3508724
-6.2517572, 53.3510933
-6.2528949, 53.3504903
-6.2527467, 53.3505691
-6.2532468, 53.3502964
-6.2528949, 53.3504903
-6.2533219, 53.3502428
-6.2532468, 53.3502964
-6.2535467, 53.350097
-6.2533219, 53.3502428
-6.253707, 53.349979
-6.2535467, 53.350097
-6.2539455, 53.3497616
-6.253707, 53.349979
-6.2542351, 53.3494494
-6.254156, 53.3495439
-6.2539455, 53.3497616
-6.254485, 53.349079
-6.2544109, 53.3492224
-6.2542351, 53.3494494
-6.2546798, 53.3484164
-6.25466, 53.3485538
-6.2546462, 53.348637
-6.2546175, 53.3487456
-6.2545463, 53.3489315
-6.2545426, 53.3489404
-6.254485, 53.349079
-6.2546793, 53.3481633
-6.2546798, 53.3484164
-6.2544315, 53.347285
-6.2544726, 53.347371
-6.2545359, 53.3475139
-6.2545628, 53.347577
-6.2545968, 53.3476702
-6.254625, 53.3477651
-6.2546406, 53.3478372
-6.2546626, 53.3479544
-6.2546704, 53.3480327
-6.2546793, 53.3481633
-6.2541303, 53.3468416
-6.2542519, 53.3469948
-6.2543372, 53.3471244
-6.254330030756868, 53.34711350745709
-6.254330030756868, 53.34711350745709
-6.2544315, 53.347285
-6.2538991, 53.3466102
-6.2540708, 53.3467746
-6.2541303, 53.3468416
-6.2530334, 53.3458914
-6.2531623, 53.3459956
-6.2535834, 53.3463278
-6.2538991, 53.3466102
-6.2528909, 53.3457694
-6.2530334, 53.3458914
-6.2523507, 53.345308
-6.2525938, 53.3455168
-6.2528909, 53.3457694
-6.2521174, 53.3450944
-6.2523507, 53.345308
-6.2517095, 53.3447261
-6.2519839, 53.344974
-6.2521174, 53.3450944
-6.2513662, 53.3444278
-6.2515361, 53.3445767
-6.2517095, 53.3447261
-6.2498322, 53.3436541
-6.2500266, 53.3437193
-6.2502084, 53.3437836
-6.2503716, 53.3438408
-6.250592, 53.3439424
-6.2507848, 53.3440415
-6.2511041, 53.3442333
-6.2512153, 53.3443115
-6.2512761, 53.3443578
-6.2513662, 53.3444278
-6.2494068, 53.3435422
-6.2496825, 53.3436166
-6.2498322, 53.3436541
-6.2484997, 53.3433279
-6.2493615, 53.343531
-6.2494068, 53.3435422
-6.248466333481432, 53.34332083863954
-6.2484997, 53.3433279
-6.2482899, 53.3432835
-6.248466333481432, 53.34332083863954
-6.2466672, 53.3429072
-6.247179, 53.3430283
-6.2482899, 53.3432835
-6.2464493, 53.3428577
-6.2466672, 53.3429072
-6.2461952, 53.3427975
-6.2464493, 53.3428577
-6.2460118, 53.3427483
-6.2461952, 53.3427975
-6.2449944, 53.3424635
-6.2455269, 53.3426181
-6.2460118, 53.3427483
-6.2446957, 53.3423695
-6.2449944, 53.3424635
-6.2444731, 53.3422951
-6.2446957, 53.3423695
-6.2441075, 53.3421353
-6.2444731, 53.3422951
-6.2439797, 53.3420944
-6.2441075, 53.3421353
-6.2416197, 53.3412367
-6.2439797, 53.3420944
-6.24054, 53.3408149
-6.2410266, 53.3410151
-6.2413926, 53.3411568
-6.2416197, 53.3412367
-6.2394364, 53.3402794
-6.2398384, 53.3404674
-6.2399564, 53.3405283
-6.2400959, 53.3406036
-6.2402461, 53.3406772
-6.2403998, 53.3407508
-6.24054, 53.3408149
-6.2392704, 53.3402045
-6.2394364, 53.3402794
-6.2391269, 53.3401341
-6.2392704, 53.3402045
-6.2389977, 53.3400751
-6.2391269, 53.3401341
-6.2367725, 53.3391134
-6.2372173, 53.3392782
-6.2375869, 53.3394257
-6.2380484, 53.3396381
-6.2389977, 53.3400751
-6.2366221, 53.3390521
-6.2367725, 53.3391134
-6.2344682, 53.3379183
-6.2349339, 53.3381878
-6.2354913, 53.338491
-6.2359975, 53.3387541
-6.2366221, 53.3390521
-6.2339465, 53.3376
-6.2344682, 53.3379183
-6.2338327, 53.3375298
-6.2339465, 53.3376
-6.2338327, 53.3375298
-6.2334137, 53.337277
-6.233218, 53.337147
-6.2334137, 53.337277
-6.2308373, 53.3353839
-6.2315463, 53.335915
-6.233218, 53.337147
-6.230443, 53.3350876
-6.2308373, 53.3353839
-6.2293366, 53.3342337
-6.230443, 53.3350876
-6.2290312, 53.3339935
-6.2291243, 53.3340611
-6.2293366, 53.3342337
-6.228719588274857, 53.333759325825504
-6.2290312, 53.3339935
-6.2287109, 53.3337709
-6.228719588274857, 53.333759325825504
-6.2287109, 53.3337709
-6.228698240196368, 53.33378737691948
-6.229295, 53.3342529
-6.2290631, 53.3340649
-6.2289043, 53.3339457
-6.228698240196368, 53.33378737691948
-6.2279714, 53.3332302
-6.227921, 53.3331929
-6.227921, 53.3331929
-6.2279047, 53.3331803
-6.2279047, 53.3331803
-6.2278178, 53.3331138
-6.2278178, 53.3331138
-6.2277935, 53.3330951
-6.2277935, 53.3330951
-6.2277027, 53.3330304
-6.2270187, 53.3325082
-6.2257822, 53.3315552
-6.2244747, 53.3305712
-6.2238349, 53.3300799
-6.2232824, 53.3296458
-6.2227889, 53.3292774
-6.2219735, 53.3286591
-6.2216865, 53.3284332
-6.2211205, 53.3280039
-6.2209781, 53.3278978
-6.221039124023552, 53.32794326804002
-6.2210505, 53.327928
-6.221039124023552, 53.32794326804002
-6.2210505, 53.327928
-6.221061914043789, 53.327912999688664
-6.2208653, 53.3277647
-6.2210217, 53.3278824
-6.221061914043789, 53.327912999688664
-6.211562692269976, 53.32077183109525
-6.2117087, 53.3208748
-6.2117757, 53.3209197
-6.2139654, 53.3225016
-6.2152193, 53.323453
-6.2166536, 53.3245376
-6.2180976, 53.3256171
-6.2208653, 53.3277647
-6.2049334, 53.3163431
-6.204979, 53.3163741
-6.2050473, 53.3164196
-6.2066768, 53.3174989
-6.2087877, 53.3188785
-6.2097936, 53.3195578
-6.2107028, 53.3201731
-6.2115806, 53.3207843
-6.211562692269976, 53.32077183109525
-6.1952074133172035, 53.3099664464999
-6.1968854, 53.3110171
-6.1980924, 53.3118136
-6.1994603, 53.3127222
-6.2002757, 53.3132494
-6.2022405, 53.314557
-6.2025623, 53.3147781
-6.2028359, 53.3149448
-6.2033268, 53.3152797
-6.2047242, 53.316201
-6.2049334, 53.3163431
-6.1951961, 53.3099853
-6.1952074133172035, 53.3099664464999
-6.1951961, 53.3099853
-6.195186403147631, 53.310001030728166
-6.2042065, 53.315911
-6.2036996, 53.3155713
-6.2032382, 53.3152685
-6.2026803, 53.3149031
-6.2021519, 53.3145506
-6.2012373, 53.3139481
-6.2007599, 53.3136276
-6.1999928, 53.3131228
-6.1992565, 53.3126437
-6.1985859, 53.3122014
-6.197446, 53.3114418
-6.1963463, 53.3107158
-6.1951883, 53.3100022
-6.195186403147631, 53.310001030728166
-6.1713052, 53.3007676
-6.1708868, 53.3006683
-6.1708868, 53.3006683
-6.1695805, 53.3003589
-6.1683414, 53.3000527
-6.1668474, 53.2996472
-6.166201, 53.2994564
-6.1655787, 53.2992801
-6.1652116, 53.2991718
-6.165203562853953, 53.29916917881826
-6.165203562853953, 53.29916917881826
-6.164369, 53.298897
-6.1636555, 53.2986565
-6.1629957, 53.2984353
-6.1624888, 53.2982574
-6.1619872, 53.298065
-6.1613006, 53.2978053
-6.1604583, 53.2974927
-6.1602035, 53.2973917
-6.1595786, 53.2971545
-6.1590877, 53.2969685
-6.1584655, 53.2967313
-6.1573792, 53.2963369
-6.1566684, 53.2961045
-6.1561588, 53.2959698
-6.1556357, 53.2958416
-6.1549491, 53.2956957
-6.1537877, 53.2955145
-6.1531654, 53.2954552
-6.1528731, 53.2954296
-6.1525619, 53.2954087
-6.152423046753607, 53.29540405816856
-6.152423046753607, 53.29540405816856
-6.1519397, 53.2953879
-6.151548, 53.2953879
-6.1512369, 53.2953911
-6.1509419, 53.2954007
-6.1506254, 53.2954151
-6.1504349, 53.295428
-6.1498556, 53.2954664
-6.148839, 53.295561
-6.148839, 53.295561
-6.1472538, 53.2957406
-6.1464921, 53.2958271
-6.1432547, 53.296191
-6.1426109, 53.296252
-6.1421367, 53.2962862
-6.1421367, 53.2962862
-6.1417831, 53.296304
-6.1412749, 53.2963173
-6.1409305, 53.2963201
-6.1407626, 53.2963173
-6.1402958, 53.2963094
-6.1397862, 53.2962853
-6.1393586, 53.2962417
-6.1389637, 53.2961936
-6.1385942, 53.2961402
-6.1383186, 53.2960965
-6.1383186, 53.2960965
-6.1347606640495185, 53.294960564479794
-6.1347451, 53.2949953
-6.1347606640495185, 53.294960564479794
-6.1347451, 53.2949953
-6.134775217301055, 53.29492861054074
-6.134668, 53.2948777
-6.1347112, 53.2948997
-6.134775217301055, 53.29492861054074
-6.134668, 53.2948777
-6.1344649, 53.2947868
-6.1344649, 53.2947868
-6.1340202, 53.2945865
-6.1340202, 53.2945865
-6.1329292, 53.2940652
-6.1317969, 53.2935139
-6.1313826, 53.2932832
-6.1311755, 53.2931683
-6.1311429, 53.2931477
-6.1310221, 53.2930713
-6.1308693, 53.2929748
-6.1308693, 53.2929748
-6.1301154, 53.2924158
-6.1295363, 53.2920057
-6.1291568, 53.2917266
-6.1288195, 53.2914379
-6.1288195, 53.2914379
-6.1283413, 53.291005
-6.1279041, 53.2906059
-6.1276894, 53.2904176
-6.1269857, 53.2884095
-6.1269433, 53.2885463
-6.1269016, 53.2887452
-6.1268925, 53.2889752
-6.1269058, 53.289133
-6.1269243, 53.2892541
-6.1269611, 53.2893972
-6.1270096, 53.2895344
-6.1270582, 53.2896324
-6.1271452, 53.2897905
-6.127244, 53.2899387
-6.1273261, 53.2900409
-6.1273925, 53.2901136
-6.1276894, 53.2904176
-6.1270668, 53.2882211
-6.1270489, 53.2882555
-6.126995, 53.2883796
-6.1269857, 53.2884095
-6.127175989759609, 53.28801126523559
-6.1270668, 53.2882211
-6.1276899, 53.2862822
-6.127175989759609, 53.28801126523559
-6.123112350371457, 53.28122452434868
-6.1242369, 53.281562
-6.1247234, 53.2817234
-6.1251903, 53.281902
-6.1255216, 53.2820454
-6.1258594, 53.2822271
-6.1262325, 53.2824611
-6.126539, 53.2826833
-6.126899, 53.283007
-6.1271481, 53.2832939
-6.1273816, 53.2836347
-6.1275211, 53.2839287
-6.1276385, 53.2842733
-6.1276907, 53.2846617
-6.1277051, 53.2850071
-6.1276985, 53.2857572
-6.1276899, 53.2862822
-6.1231083, 53.2812377
-6.123112350371457, 53.28122452434868
-6.1231083, 53.2812377
-6.12310378367575, 53.28125246449064
-6.1276398, 53.2862852
-6.1276502, 53.28592
-6.1276502, 53.2856697
-6.1276502, 53.2852163
-6.1276457, 53.2848261
-6.1275891, 53.2843237
-6.1274774, 53.2839416
-6.1273298, 53.2836423
-6.1270885, 53.2832949
-6.1268411, 53.2830098
-6.1265372, 53.2827354
-6.12619, 53.282478
-6.1258175, 53.2822455
-6.1254867, 53.28207
-6.1251604, 53.2819275
-6.124696, 53.2817511
-6.1241886, 53.2815843
-6.1230954, 53.2812499
-6.12310378367575, 53.28125246449064
-6.1113708, 53.2777136
-6.1110883, 53.2776244
-6.1110883, 53.2776244
-6.1098936, 53.2772887
-6.1091398, 53.2771026
-6.1082419, 53.2768745
-6.1073891, 53.2766722
-6.1070302, 53.2765846
-6.1061764, 53.2763764
-6.1056942, 53.2762569
-6.1047482, 53.2760231
-6.1046453, 53.2759977
-6.1031915, 53.2756351
-6.103403464088852, 53.27568796709219
-6.1033953, 53.2757207
-6.103403464088852, 53.27568796709219
-6.1033953, 53.2757207
-6.103409800982242, 53.275661912348646
-6.1010735, 53.2750759
-6.1017974, 53.2752582
-6.1031884, 53.2756073
-6.103409800982242, 53.275661912348646
-6.0964967, 53.2718812
-6.0965776, 53.2721154
-6.0966831, 53.2723435
-6.0968354, 53.2725779
-6.097095, 53.2728984
-6.0974186, 53.2732169
-6.0977811, 53.2735054
-6.0980574, 53.2737112
-6.0984768, 53.2739812
-6.0989204, 53.2742399
-6.0996922, 53.2745974
-6.1003753, 53.2748627
-6.1010735, 53.2750759
-6.096776, 53.2706285
-6.0967376, 53.2706869
-6.096615, 53.2708436
-6.0965199, 53.2709877
-6.0964481, 53.2711672
-6.0964185, 53.2713605
-6.0964967, 53.2718812
-6.0994369, 53.2690085
-6.0988055, 53.2692585
-6.0983004, 53.2694746
-6.0978116, 53.2697136
-6.0974445, 53.2699359
-6.0970974, 53.2702471
-6.0969224, 53.270438
-6.096776, 53.2706285
-6.1071605, 53.2659917
-6.1068819, 53.266202
-6.1062741, 53.2665589
-6.1058653, 53.2667482
-6.105422, 53.2669168
-6.1044367, 53.2672785
-6.1038759, 53.2674827
-6.1031882, 53.2677375
-6.1020654, 53.2681219
-6.1001634, 53.2687353
-6.0994369, 53.2690085
-6.1073304, 53.2658085
-6.1071605, 53.2659917
-6.1086692, 53.2639394
-6.1083591, 53.264376
-6.107922, 53.2650909
-6.1077419, 53.2653513
-6.107557, 53.2655725
-6.1073304, 53.2658085
-6.1088086, 53.2637492
-6.1086692, 53.2639394
-6.1122107, 53.2598567
-6.112157, 53.2599558
-6.1120764, 53.2600833
-6.1117522, 53.2605897
-6.1113384, 53.2611191
-6.1110439, 53.2614564
-6.1107119, 53.2617881
-6.1103359, 53.2621414
-6.1099443, 53.2625021
-6.10962, 53.2628263
-6.1092009, 53.2632761
-6.1088086, 53.2637492
-6.1126041, 53.2588703
-6.1125443, 53.2590603
-6.1124259, 53.2593813
-6.1122619, 53.2597527
-6.1122107, 53.2598567
-6.1129049, 53.2575706
-6.1128187, 53.2580428
-6.1126701, 53.2586091
-6.1126041, 53.2588703
-6.1129205, 53.2574815
-6.1129049, 53.2575706
-6.1129816, 53.256752
-6.1129534, 53.2571976
-6.1129205, 53.2574815
-6.112996, 53.2563005
-6.1129816, 53.256752
-6.113066194708115, 53.25538715226454
-6.1130201, 53.2558424
-6.112996, 53.2563005
-6.11304, 53.2553845
-6.113066194708115, 53.25538715226454
-6.11304, 53.2553845
-6.113016760698582, 53.25538181401241
-6.112949, 53.2563004
-6.112972, 53.255892
-6.1130009, 53.2556493
-6.1130163, 53.2553858
-6.113016760698582, 53.25538181401241
-6.1134537, 53.2516059
-6.11346, 53.2515437
-6.11346, 53.2515437
-6.1134816, 53.2512939
-6.1135108, 53.2509918
-6.1135285, 53.250821
-6.1135577, 53.2505166
-6.113597, 53.2501325
-6.1136313, 53.2498775
-6.1137023, 53.2495518
-6.1137785, 53.2492542
-6.1139168, 53.2488603
-6.1140652, 53.2485088
-6.1143265, 53.2480321
-6.1144128, 53.2478931
-6.1146526, 53.2475371
-6.1148112, 53.2472965
-6.1148937, 53.2471945
-6.1151086, 53.2469295
-6.1154037, 53.2465806
-6.1157094, 53.2462101
-6.1160012, 53.2458305
-6.1160012, 53.2458305
-6.11609, 53.2457037
-6.11609, 53.2457037
-6.1163108, 53.2453765
-6.1164732, 53.2450972
-6.1166407, 53.2447897
-6.1168246, 53.2443812
-6.1168246, 53.2443812
-6.1168563, 53.2443076
-6.1170206047934395, 53.23670277383997
-6.1168114, 53.2360663
-6.1167401, 53.2359031
-6.116596, 53.2355388
-6.1164318, 53.2351456
-6.1162181, 53.2346283
-6.1159563, 53.2340043
-6.1153068, 53.2324526
-6.1151512, 53.2320753
-6.1170439, 53.2366973
-6.1170206047934395, 53.23670277383997
