2.545453638153103e-06
3.792585179564472e-05
0.004211410096034886
0.004246965178303768
0.052509603636096594
0.05251015927798763
1.0876912594314278e-05
2.5614703034234624e-05
1.660942536586916e-05
2.0593103624488968e-05
1.3985374766226557e-05
2.622744425801276e-05
1.543433983319523e-05
2.4505715562291075e-05
1.120139583849198e-05
1.120139583849198e-05
1.7974030035702493e-05
2.3642467479096766e-05
1.8402939472193207e-05
2.3305591394782332e-05
3.0440997617974344e-05
3.919980403281505e-05
5.194184779959153
5.194247879999913
5.195657377168793
5.195720031285348
5.196138609788006
5.196201119458394
0.3634546898807793
0.3635116711382545
6.60951231404151e-06
2.7699825896404733e-05
1.471823286665407e-05
2.851965931270419e-05
1.7130697754918982e-05
2.2202700914477644e-05
4.191160808587745e-05
7.122688700945566e-05
0.42670611807586056
0.42670960820756665
0.4629292415149817
0.4629319554705437
0.4824379571314474
0.4824427291103573
5.1794884758342405
5.1795469523330535
1.854040240785858e-05
2.202392100454968e-05
0.09433212316306751
0.09435260580403103
0.10048284775249731
0.100516607750411
5.5194003421333906e-06
3.839548211682145e-05
0.00012119247861263134
0.00012508932434519794
0.001029122366713443
0.0010864391212020896
0.0004803851268599065
0.0005534626788609622
7.433964194827401e-06
7.433964194827401e-06
0.0017525869365037246
0.0018002941939869348
1.8160759182986752e-05
2.1376643853462082e-05
2.6626812634914886e-06
3.74464663398338e-05
1.160541459912693e-05
1.160541459912693e-05
9.013870885084406e-07
9.013870885084406e-07
4.7449879925248976e-05
4.8793549856833634e-05
0.04945073735396069
0.04945144438993095
0.03588048812206192
0.03592557053511865
0.04174553384769372
0.04178557657112103
0.044611248666971845
0.04465570362046891
0.04141385445775613
0.0414576160394098
0.03459096702064253
0.03463469290401164
0.02491178962504796
0.024964588313250834
0.005607921976597503
0.0056087864899621795
0.0008391679228189887
0.0008821302026973109
3.600470410691672e-07
3.785246727466519e-05
3.2343260527032854e-05
4.3650279443278586e-05
1.0220143974405643e-05
2.4658521045259398e-05
7.466194486671909e-06
5.848979477558726e-05
4.304321643672199e-05
6.493214558589135e-05
6.1032828865541714e-05
6.872619514797523e-05
3.179583528959934e-05
3.179583528959934e-05
3.277874079516789e-05
3.277874079516789e-05
5.198628440546037
5.198690174762
5.197774976861365
5.19783698155046
5.196920640693567
5.196981348978311
1.3244840522395437e-05
2.873325246977932e-05
0.0019631454139326637
0.0020356863007675407
0.012097711641876164
0.012097835775451907
0.07268820929125734
0.07268841110555961
5.199735311372398
5.199796697868591
5.194558092256001
5.194618462801498
5.188634377201171
5.188693907989142
5.184693425040671
5.184752419854345
0.5419040329406314
0.5419057200491862
0.5579308451419508
0.55793411283672
0.39297289488004195
0.392974781577476
0.36546713549004517
0.365470132897181
1.5904693113956958e-05
2.0510446111556918e-05
3.327191693261363e-05
3.87708717472737e-05
4.307772663962989e-05
0.00014073827914065529
1.9742364893474775e-05
2.4537466772431703e-05
1.417686311253982e-05
2.400696600257097e-05
1.3740544720134519e-05
1.4360445994427273e-05
2.5854946677137015e-05
6.0372109646469364e-05
1.4993395733572781e-05
1.8748779973874988e-05
1.26872905991673e-05
3.277021364735316e-05
2.905027996069544e-05
2.9181127975466e-05
1.6177115262197808e-05
3.442468434080321e-05
1.9512623824440796e-05
3.452251053064548e-05
1.7887963882550893e-05
1.7887963882550893e-05
5.195184327453435
5.19524712448368
1.4792099400913124e-05
2.5624643897529104e-05
2.8527769222795395e-05
2.8527769222795395e-05
1.482873627479731e-05
1.526662505151477e-05
8.824115570185795e-06
3.295324044240541e-05
3.94100192900344e-05
6.934739370079762e-05
1.8508983926056e-05
2.6321503657251628e-05
1.2679555805128406e-05
5.4767081201030606e-05
1.751980579426435e-05
1.841213214688975e-05
9.07457679861258e-06
2.570614440422881e-05
2.417499725192613e-06
4.648696192173535e-05
4.7255024140101944e-06
4.2362004670518216e-05
1.196453494514672e-05
1.196453494514672e-05
2.0408969117299056e-05
2.072100381909783e-05
8.514441161241923e-06
2.7508641369386808e-05
6.310389581811079e-06
2.7933084052103156e-05
9.964795670115335e-06
2.341263254313598e-05
5.868040917280713e-05
7.576720962138403e-05
6.279598428777017e-06
2.8546175438979127e-05
1.238976181270507e-05
1.238976181270507e-05
4.0326186565809086e-05
4.3854811060520994e-05
2.2187172630215034e-05
2.3917601218530156e-05
1.112485401409343e-06
3.515265995201729e-05
6.076537038270718e-06
6.076537038270718e-06
9.423738192722872e-06
2.5787798513836127e-05
3.615674984895044e-05
5.649043934517076e-05
2.2336591941975015e-05
2.361443750713801e-05
3.4077883768737585e-06
4.678034738935938e-05
3.819819372223431e-05
3.819819372223431e-05
3.362689159334118e-06
3.2048052497892076e-05
1.8776191895539761e-06
1.8776191895539761e-06
0.00046693224337757524
0.0004670167448753116
0.0019180072900642955
0.0019180072900642955
0.00026720115749798845
0.00035765775698388133
1.7371971048001282e-05
2.5560759798824364e-05
2.0940648125427408e-05
2.0940648125427408e-05
1.048053725477657e-05
2.9856688501709136e-05
2.1037894889748667e-05
3.940145927061475e-05
5.244816192384779e-05
5.7043573759383547e-05
2.3244923423751398e-05
6.632778041631107e-05
3.485430572276397e-05
8.518997116011249e-05
2.831730528403649e-06
3.971573212015788e-05
1.7979383102658777e-05
1.8405346105770743e-05
3.2107532043206715e-05
4.1360396570593635e-05
7.499819294274451e-06
2.85446332149405e-05
3.430393532151403e-05
3.55102756078545e-05
1.8462465878525597e-05
1.8462465878525597e-05
3.853254124469706e-05
3.853254124469706e-05
1.788930474518441e-05
1.82971339340547e-05
4.4194123669428726e-05
4.519402482595547e-05
3.652821051302004e-05
3.678608951227199e-05
2.242621109792178e-05
6.41437095418408e-05
7.189427533088178e-06
3.3761964162553864e-05
1.1158165898218127e-05
1.1158165898218127e-05
1.2128656464246149e-05
2.8461664355960033e-05
1.70240995367664e-05
1.70240995367664e-05
1.704417491777588e-06
1.704417491777588e-06
3.2406787369982716e-08
3.2406787369982716e-08
1.8663637362800284e-05
1.8663637362800284e-05
2.964484790309953e-06
2.964484790309953e-06
1.7229230217870965e-05
1.7229230217870965e-05
1.4026837435787839e-05
1.4026837435787839e-05
7.83237906938643e-06
3.533825583887719e-05
1.9898713875129154e-05
5.185962750834332e-05
6.544380111038725e-05
7.133213683606624e-05
1.706441046934847e-05
2.731066979365316e-05
2.1045655522513288e-05
2.182280613972139e-05
1.4613455259380787e-05
7.196227580872621e-05
3.426135178904731e-05
5.030914671209819e-05
7.244237143597783e-06
7.244237143597783e-06
6.051655132338788e-07
6.051655132338788e-07
1.5709387967268153e-05
1.5709387967268153e-05
2.0855836286719602e-05
2.245936265971864e-05
8.872156537885606e-06
2.6778917459792664e-05
2.16414049634912e-06
2.16414049634912e-06
2.212916715955767e-05
2.5219702301564296e-05
2.1181700423942186e-05
2.17993167744078e-05
2.0782081594327596e-05
2.570392559258805e-05
1.523272815177902e-06
4.427394321472975e-05
2.2935706846987137e-05
2.3028184762328213e-05
1.0355101596648212e-05
2.8694583910426545e-05
1.9297160808754416e-05
1.9297160808754416e-05
2.043224947424214e-05
2.0706380076614375e-05
1.85327309900348e-05
2.525248517270355e-05
1.5591894135264415e-05
1.5591894135264415e-05
1.4577513409121951e-05
1.4577513409121951e-05
9.954828876919317e-06
3.328953627962456e-05
2.818869199264598e-05
4.104319785273377e-05
2.5734017561643032e-05
4.3547104134452514e-05
2.832183328575457e-05
2.832183328575457e-05
3.240359432707993e-05
3.547554694113302e-05
2.5112440577233692e-05
5.4172282181180626e-05
3.278850496475904e-05
3.278850496475904e-05
3.7268966957877575e-05
0.00032206847098602655
2.6068366586564247e-06
4.7681999867476554e-05
9.670312563163966e-08
9.670312563163966e-08
1.3164043530309235e-05
5.7068904146084936e-05
1.4479502803474478e-05
1.4479502803474478e-05
1.1884606196514482e-05
1.1884606196514482e-05
1.2399562656216663e-05
1.2399562656216663e-05
2.0559661580334303e-05
2.4000850689076484e-05
3.045682123370545e-06
3.045682123370545e-06
2.376296688471953e-06
3.239226751416399e-05
8.825485459763584e-07
8.825485459763584e-07
1.5901019617176243e-05
2.7102235026766484e-05
1.0794574078616542e-05
7.298076211913266e-05
1.5033917545240604e-05
2.966076641302149e-05
0.2768985187641218
0.27695102495470136
0.29502134261901486
0.2950749789062107
0.30867146700637166
0.308725866923327
0.39397830215602025
0.3940351059614523
0.07561092268938699
0.07562029124647074
0.0640677271658641
0.06407202477282642
2.154995272658697e-05
6.456636821497632e-05
0.6825164010942748
0.682516709255277
4.448252057142568e-06
3.6734383927609e-05
1.6762629223380783e-06
3.520828109519196e-05
2.577803048875615e-06
2.577803048875615e-06
5.4249389559225395e-06
5.4249389559225395e-06
7.402262476108437e-07
7.402262476108437e-07
1.2530325011734333e-06
3.115097300955046e-05
1.3496860989239144e-05
2.521484757825463e-05
1.5698915185104455e-05
2.2474067746436697e-05
1.0645186841632205e-05
2.5690397285298402e-05
0.0012460751832627473
0.0012867820378873478
9.861109725389852e-06
9.861109725389852e-06
7.146397905552082e-05
7.146397905552082e-05
2.1549013941451993e-05
2.1934950240150113e-05
7.416197622711999e-06
2.7534604090485938e-05
1.3426089313465774e-05
1.9623927711035137e-05
1.6287380429350557e-05
1.6287380429350557e-05
2.342902088268699e-05
2.9231474516117014e-05
4.900210020412784e-05
5.521589936360261e-05
1.580009257821967e-05
1.580009257821967e-05
1.6519589720326288e-05
1.6519589720326288e-05
1.5997045786889745e-05
1.5997045786889745e-05
1.6311648301015638e-05
1.6311648301015638e-05
1.6090868412138942e-05
1.6090868412138942e-05
0.00035425732129652554
0.0003971425119295766
0.00016442046243760598
0.0002770124910025375
5.265522514396128e-06
5.265522514396128e-06
2.2548156774557212e-05
2.286908043394245e-05
2.140137051450325e-05
2.140137051450325e-05
1.6734534208382787e-05
9.014909853426716e-05
9.514352648674886e-05
9.62918937166205e-05
1.5898752839744377e-05
2.161590224990254e-05
3.6818302377789433e-06
3.6818302377789433e-06
1.1222030163640058e-06
3.7178317171669966e-05
0.00011239788835027128
0.00014588549162241682
7.523522239529587e-05
7.605733370399686e-05
2.5777625474475382e-06
3.901985803488169e-05
3.8096157327274097e-06
4.4558777514257624e-05
4.087878849490751e-05
5.1217991793343844e-05
1.873968307212946e-05
2.1237750700326148e-05
0.6690836731170375
0.6691091574683069
2.1749769843471507e-05
2.489367591053298e-05
1.8611449123253135e-06
9.403808387206439e-05
1.3466625518756228e-06
1.3466625518756228e-06
3.531170123250454e-06
3.432052914556261e-05
2.579134171323025
2.5791604338000433
1.600560223796663e-05
1.600560223796663e-05
1.728962659237629e-05
1.728962659237629e-05
3.383774670973031e-06
3.383774670973031e-06
2.3448009919691304e-07
2.3448009919691304e-07
1.0956482478098108e-05
1.1220639581840927e-05
1.4240255305120373e-07
1.4240255305120373e-07
1.3599232943814851e-06
1.3599232943814851e-06
4.000729098676074e-06
4.000729098676074e-06
9.534145563422404e-06
3.017692545001188e-05
2.365617282913862e-05
4.08608681057076e-05
0.1041361202127871
0.1041361202127871
0.10328372390043548
0.10328372390043548
1.7131995907128333e-05
2.1848158161385083e-05
0.025956326740315654
0.025956890323185208
2.0713003523355598e-05
2.0713003523355598e-05
6.7804881040460834e-06
2.8410540329047236e-05
1.107339816902025e-05
2.9513301402032916e-05
3.169670893471155e-05
3.355209425840526e-05
3.248662174965e-05
5.8586656616786115e-05
2.2800801233038896e-05
5.699426557649278e-05
1.2896403450769099e-05
5.6594773241546795e-05
1.6039071083079344e-05
2.691019088665653e-05
2.0524528815866437e-05
2.4034204976000258e-05
1.920190207288039e-05
2.5587092343329913e-05
2.6574877882193806e-05
5.091966506414318e-05
2.3683169448146842e-05
5.764690780649857e-05
2.217735495144461e-05
2.361450744735324e-05
3.1160214063020795e-05
3.1160214063020795e-05
1.3854998990684187e-05
2.7211846185492923e-05
2.2443559513346094e-05
2.2443559513346094e-05
1.7624474212978424e-05
3.452308335467284e-05
1.0981104201927318e-06
1.0981104201927318e-06
8.836098981686982e-06
8.836098981686982e-06
1.9731272292648886e-05
2.1007614808081826e-05
1.944200996427579e-05
1.944200996427579e-05
2.948555318990989e-05
4.0507271560166556e-05
2.804570745899806e-05
2.804570745899806e-05
3.222947272466433e-05
3.222947272466433e-05
2.9661959415487532e-05
2.9661959415487532e-05
3.615537507406535e-05
3.615537507406535e-05
3.473603845218292e-05
3.473603845218292e-05
6.118556972649446e-06
6.118556972649446e-06
3.1524305867025296e-05
3.1524305867025296e-05
3.139942743401089e-08
3.139942743401089e-08
2.770707778919405e-06
2.770707778919405e-06
2.5848278786835794e-05
2.5848278786835794e-05
2.3087107371507818e-05
2.3087107371507818e-05
5.31817043245999e-06
2.843905550859815e-05
4.7879487370960235e-06
4.7879487370960235e-06
3.387672185441045e-06
3.387672185441045e-06
1.8112619144470002e-05
1.8112619144470002e-05
5.762077794887628e-06
4.673632614451408e-05
0.039306523612882005
0.03932666732332973
0.07086781649381034
0.07086846598946578
0.14122147322320336
0.1412571510769374
0.061537141740985624
0.06153780647999999
0.08928528744703282
0.08928591719906798
0.02724291186272137
0.027261566718181408
1.1259310325937937e-05
3.306070333522049e-05
1.6067881369568434e-05
2.5047473723648883e-05
1.049570791120517e-05
3.249586226720616e-05
1.8587815157620237e-05
2.3018065985202947e-05
1.3573941459107412e-05
2.7610496061048668e-05
1.98921143557995e-05
2.501513136326203e-05
8.52490636018188e-06
8.52490636018188e-06
5.249305795784912e-06
4.0973602168812395e-05
4.7030936588238314e-06
4.7030936588238314e-06
4.539866170946554e-05
4.539866170946554e-05
7.955710816175982e-06
7.955710816175982e-06
1.5725674722692654e-05
1.6123660192194253e-05
1.1933605102154447e-06
3.4808770139984266e-05
2.163730900083114e-06
3.354015159813232e-05
2.4553222963598154e-06
3.2149200951915684e-05
1.3671478188281146e-05
3.134179676850867e-05
1.655454123934849e-09
4.6262516946753794e-05
7.13017642921167e-06
3.3243118992586495e-05
7.55845453671902e-08
7.55845453671902e-08
2.183907926481927e-05
2.195274493412811e-05
2.1823489753893152e-05
2.1898062928539545e-05
9.073192468873766e-06
9.073192468873766e-06
2.0346000067866934e-05
2.0346000067866934e-05
1.8243201095795415e-06
4.022995545912873e-05
1.607772320946228e-05
2.8002572984579296e-05
3.5714217523611663e-06
3.5714217523611663e-06
1.7767049989161554e-05
1.7767049989161554e-05
6.365367225151996e-06
6.365367225151996e-06
7.832167560022137e-06
7.832167560022137e-06
1.263551876939427e-05
1.263551876939427e-05
6.140571239527988e-06
6.140571239527988e-06
1.259969993691471e-05
1.2726061661812073e-05
1.398576548816615e-05
1.398576548816615e-05
1.4447631009369315e-05
1.4447631009369315e-05
1.465742555543225e-05
1.465742555543225e-05
3.065831690706427e-05
4.5753019139677616e-05
2.6378672760537008e-05
5.558235479270159e-05
2.0362265342801e-05
2.0777089731320926e-05
1.8965302174518662e-05
2.0873748068646905e-05
2.9742018890252408e-08
2.8442925276812975e-06
1.7010771227492095e-05
2.1383918406621673e-05
2.1357395062295864e-05
2.3132855721061466e-05
1.471855162294107e-05
2.713855434999626e-05
3.512549864550992e-05
3.512549864550992e-05
1.8605986332832702e-05
2.4131281523712057e-05
1.4177645580436276e-05
3.110478839484643e-05
2.1830861766949856e-05
2.3790772083676287e-05
1.5505402337379363e-05
1.5505402337379363e-05
3.5426192515350527e-06
3.5426192515350527e-06
3.032241255143512e-07
3.032241255143512e-07
5.761875500953867e-05
6.714759990062103e-05
3.0436485772624705e-07
3.140529735741275e-07
2.236947929272099e-05
2.236947929272099e-05
1.2843114187393818e-05
4.7633511932339974e-05
5.900213214428039e-07
7.772708810481448e-05
3.3703730331343794e-05
4.6700224757277626e-05
7.946557507923462e-07
1.0448904047332425e-05
5.851614372230813e-06
5.851614372230813e-06
1.9961770333481724e-05
2.4354991351162525e-05
3.045338113273006e-06
2.9929839749264314e-05
5.138274556989953e-05
8.727731583573545e-05
6.56048603039031e-05
6.917006475393608e-05
8.756934602317154e-06
3.905511881212602e-05
1.3318248693322815e-05
3.2368029164378885e-05
1.860319370587244e-05
2.5338708860954046e-05
1.9572231529826417e-05
1.9572231529826417e-05
4.442528950777405e-06
4.442528950777405e-06
6.432235194055641e-05
6.432235194055641e-05
4.489300378616519e-05
4.6315556791986973e-05
1.4104422037570572e-05
1.4104422037570572e-05
5.3107506543338726e-05
5.883722643352373e-05
1.2976378792403474e-05
1.8143961109338558e-05
0.33501935103253244
0.3350607592931708
0.007051091601401621
0.007051091601401621
1.5074704639377746e-05
5.990020620492236e-05
1.2356183788899101e-05
2.216847903297938e-05
0.29580085587767047
0.295801024776601
0.03948131664635624
0.03951395661041781
0.09933839483347127
0.09933839483347127
0.48702790742826757
0.4870770121780931
0.1496349050201937
0.14964004717488075
0.6900583187176599
0.6901035941564178
3.5724515529993647e-06
4.34007935204399e-06
0.25507243002560975
0.25507267374678505
0.2993005292227339
0.299300881625453
0.1862113809102945
0.18621466469003153
0.00553354964881191
0.005575820626249477
0.004322416251354491
0.004409707439264803
0.4690427941826732
0.4690691976991559
0.9184742740889825
0.9185183861057077
0.05898846817218548
0.05898846817218548
0.5505006098239232
0.550500920826351
0.15627835186349778
0.15627835186349778
0.14879864784936714
0.14879878266364427
1.3978253580427778e-05
2.7949259192806537e-05
6.0755758438406985e-06
6.0755758438406985e-06
3.2390127606456075e-05
7.639135341187304e-05
1.7027252274214863e-05
5.250819373621023e-05
2.6591036625640793e-05
4.965578059096966e-05
3.6460072796650794e-05
4.5454302089326273e-05
1.967959914017078e-08
4.331152857125355e-05
5.505479503654658e-06
4.0617162841418004e-05
2.06183580585846e-06
9.682358818261103e-05
2.882708802074694e-06
2.882708802074694e-06
2.654371875992328e-06
2.654371875992328e-06
1.516555604656683e-06
1.516555604656683e-06
4.9618058004693074e-06
3.913222664524434e-05
0.415660810979635
0.41568221396043536
3.4655972440831927e-06
3.4655972440831927e-06
3.7805932432901115e-05
0.00017811639452973115
1.3294401248475337e-05
1.3294401248475337e-05
1.5372540749004447e-05
2.069555497798325e-05
3.493360719150283e-05
4.495291936425187e-05
3.55868475862075e-05
5.5887847494779645e-05
1.9835835302773292e-05
1.9835835302773292e-05
1.617616517684674e-05
1.617616517684674e-05
1.656864884633346e-05
1.656864884633346e-05
9.273243685075745e-06
9.273243685075745e-06
3.7660954704040794e-05
4.1069837835867595e-05
3.874971883009931e-05
4.148635921227491e-05
9.549951749138842e-06
3.296601273378998e-05
8.965899901642985e-06
8.965899901642985e-06
1.1144716138133739e-05
1.1144716138133739e-05
1.7069080216824152e-05
1.7069080216824152e-05
7.551672344480484e-06
8.108097779183455e-05
1.076670967491348e-05
1.076670967491348e-05
1.1598237296918856e-05
1.1598237296918856e-05
1.0223752707388562e-05
1.0223752707388562e-05
9.188305133437903e-06
9.188305133437903e-06
9.530880440509202e-06
7.50462145202554e-05
9.782567986880435e-06
2.332386483332697e-05
1.2588558536968297e-05
2.0880578622653094e-05
2.325257223323863e-06
2.325257223323863e-06
1.0202986816429866e-05
3.47437492910061e-05
2.9858066660833353
2.9858066660833353
0.20176287195300024
0.20178813016315797
0.141430881559902
0.14146425590039427
0.11235280368455691
0.112385732478289
1.0188770622299832e-05
2.954771886845558e-05
5.780966431526097e-06
8.93055086285297e-05
1.6128821065356972e-05
2.5139110797073872e-05
7.761964326446235e-06
7.761964326446235e-06
6.720581705328016e-06
6.720581705328016e-06
1.2864643943576182e-05
2.065308512616871e-05
1.3427406182287183e-05
2.8564838575048142e-05
7.929607829484705e-06
3.349789050175632e-05
3.744578074798688e-05
4.27925695450743e-05
3.5135209327187896e-05
4.918460426525722e-05
4.5227837604271694e-08
4.5227837604271694e-08
1.1678438617951403e-05
2.9798991320164613e-05
1.898591883320034e-05
1.898591883320034e-05
1.4311182487661403e-05
1.4311182487661403e-05
2.059754502953593e-05
2.059754502953593e-05
1.4970900650956837e-05
1.8461917184915024e-05
1.8870298427735256e-05
1.8870298427735256e-05
1.3135552302086102e-05
2.3456019033423147e-05
1.0041920932975073e-05
3.141611765056883e-05
1.1150666222943305e-05
1.1150666222943305e-05
1.6773423450669393e-05
2.1444078626250425e-05
8.554672810894456e-06
8.554672810894456e-06
3.668220891228072e-05
3.699581703904798e-05
4.009881290493062e-06
4.009881290493062e-06
8.258439079298081e-06
9.291696123444354e-06
7.921416180753095e-05
0.00014216338661735754
1.7242249951327026e-05
2.2709978137847373e-05
1.7773130073799914e-05
1.7773130073799914e-05
1.678312725584707e-05
1.678312725584707e-05
1.8143545769312453e-05
2.363111939874082e-05
3.660672432013852e-06
4.091881392421863e-05
1.8010337058785117e-05
1.9689121919100935e-05
1.8121880130985804e-05
2.153874547761394e-05
1.7626209272399875e-05
1.7626209272399875e-05
1.6201733315666006e-05
2.7095328198679087e-05
3.0212629838949866e-05
3.59427684552756e-05
3.868446045701965e-05
4.315688314977245e-05
2.802813390742129
2.802813390742129
2.048177117634373e-05
9.654416753196103e-05
1.5616237643406023e-05
1.5616237643406023e-05
1.6118579368707825e-05
0.000128728031668785
0.014675862744309789
0.014687582652693999
1.1011258269180414e-05
2.29554966661434e-05
1.60685324959027e-05
1.9237960779201483e-05
1.5885893227273137e-05
1.6768216118386878e-05
3.506427917774325e-05
5.6063716120364324e-05
1.9704776965756676e-05
2.3821826126356835e-05
2.1317757927706297e-05
2.1317757927706297e-05
1.9619071580014404e-05
2.107165280341845e-05
3.549072404568404e-05
3.549072404568404e-05
2.1314469469716665e-05
2.502772552170401e-05
1.868612880001029e-05
2.2003216519957456e-05
8.94035972826504e-06
8.94035972826504e-06
1.5805082845509673e-05
1.5805082845509673e-05
1.0295522564220903e-05
5.421741838749883e-05
8.419324719796286e-06
8.419324719796286e-06
1.3078310719479549e-05
1.3078310719479549e-05
1.2594563294589575e-05
1.2594563294589575e-05
1.214875378572008e-06
2.974556822717969e-06
3.4160257088825704e-05
3.651081434173604e-05
5.1821024001334705e-06
5.1821024001334705e-06
5.459664420744962
5.459721674788348
1.6081514998105e-05
2.4662661870211357e-05
2.18477005033012e-05
2.18477005033012e-05
2.1066499473598462e-05
2.1854087436226602e-05
7.838273433870284e-06
3.295209615849117e-05
2.1044256714418573e-05
2.1062862852247893e-05
4.683105882870897e-06
1.8106954349223978e-05
8.977257968582999e-06
3.068059292626954e-05
1.8131567625395078e-05
1.9823757986687593e-05
3.3938353446028466e-05
8.52463321669905e-05
4.6953532132737304e-05
5.061413815215324e-05
2.72295182139199e-05
2.72295182139199e-05
6.171760323252175e-05
6.233920607136562e-05
2.1926441180613028e-05
2.1983509684268335e-05
2.2925501205706104e-05
2.33721426173453e-05
2.1605540862210776e-05
2.4570147922792806e-05
2.1968589862411174e-05
2.1968589862411174e-05
7.325123941941995e-06
8.127839419233327e-06
2.1416201334800594e-05
2.1416201334800594e-05
5.86516516719972e-06
4.157693660886842e-05
4.1592953973024834e-05
4.254091990089012e-05
5.200039338777267e-06
2.9428202396091752e-05
3.70200363706385e-05
4.224394092000473e-05
1.6023141910506243e-05
2.5676557607194897e-05
2.7638505369115322e-05
6.766200141429102e-05
1.9181733878662438e-05
1.9181733878662438e-05
1.2489234954380016e-05
3.048775313179859e-05
1.625525750698912e-05
1.625525750698912e-05
1.9217064659931922e-05
1.9217064659931922e-05
2.0425495137560308e-05
2.1430830271254885e-05
0.17794624624334762
0.17794648317401798
3.140642987018589e-05
3.301465289534167e-05
0.12687547026660015
0.12687606532065127
5.194748652502108
5.194811578765117
5.5113488485912114e-06
9.431081936948105e-05
0.03348816344695601
0.03348816344695601
0.005821957419978049
0.005821957419978049
1.4400000995117572e-05
1.4400000995117572e-05
4.110279742491186e-06
3.6938719551090645e-05
0.049568616039586545
0.04961353140525682
3.1480308447390635
3.1480308447390635
2.279663935223452e-05
2.286595062136704e-05
2.1931411677190764e-05
2.1931411677190764e-05
2.189063695418933e-05
2.189063695418933e-05
2.1862768046841023e-05
2.1862768046841023e-05
2.1898413986170454e-05
2.1898413986170454e-05
3.7549590700735066e-05
6.475022150760745e-05
7.064044322494127e-06
7.064044322494127e-06
9.37078370345966e-06
9.37078370345966e-06
2.162013927180752e-05
7.927289613647821e-05
9.428230797550603e-06
3.1458255545709494e-05
1.7432245565785925e-05
7.142682331217434e-05
4.028670502924618e-05
5.1209723792344754e-05
2.2324187237105647e-05
2.2534220692629375e-05
3.858138583926052e-05
3.858138583926052e-05
4.29182763095791e-05
4.29182763095791e-05
0.0012965619997719119
0.0012965619997719119
3.821702441463026e-05
4.427860910610842e-05
4.444958470095789e-05
4.444958470095789e-05
1.0724496021816883e-05
2.1841234061867574e-05
5.074534799638014
5.074593161539272
3.3074604479007617
3.3074604479007617
2.688404094278994
2.688404094278994
0.6427198068687222
0.642720087739397
0.5962769207378775
0.5962771847847735
0.481191551060583
0.48119188759653614
0.3925510715966117
0.39255141252459474
0.3483122234027665
0.3483125606969183
0.1799918767982593
0.1799918767982593
0.2122742259868594
0.2122742259868594
0.23493909862671156
0.23493909862671156
0.2546926625855763
0.2546926625855763
0.3422847304138713
0.3422847304138713
0.12020204890171628
0.12020204890171628
0.13339976089484276
0.133399761510503
0.14501160412149716
0.14501190333187203
0.14826746503427293
0.14826769041162832
0.18220888688426112
0.18220936004415328
0.19257523253588385
0.192575740874203
0.11373355964929535
0.11373413632748557
0.8825863846721447
0.8825863846721447
0.7845962664354265
0.7845962664354265
0.9228664451911215
0.9228664451911215
0.6557765868738037
0.6557765868738037
0.706509714262929
0.706509714262929
0.9554267877444974
0.9554267877444974
0.08331222671912895
0.0833484174412464
0.17540203387671913
0.17543660691557858
0.006372316942051997
0.006372316942051997
0.008403413872551044
0.008403413872551044
0.005816577154992474
0.005816577154992474
0.003047188339363563
0.0030487830768994866
0.002963604936966789
0.002966471730853909
0.001667907019245354
0.0016680132198121555
0.06071475508062368
0.06071475508062368
0.03398413836630481
0.03398413836630481
0.07920478248066373
0.07920478248066373
0.12035221996324258
0.12035221996324258
0.00918403386154249
0.00918403386154249
0.2650868700473858
0.2650868700473858
0.025377606116613785
0.025377606116613785
0.23764617518153036
0.23764617518153036
0.2122855972902785
0.2122855972902785
0.09535116253790425
0.09535116253790425
0.16668523807839744
0.16668523807839744
0.062467413205930356
0.062467413205930356
0.005661486285963181
0.0056643723736686385
0.32764350338337367
0.32764350338337367
0.736178281904982
0.7362011339890839
0.3925875227148449
0.3925875227148449
0.8533231844402801
0.8533231844402801
0.20737835428399778
0.2074029150061774
0.26418613213024617
0.2642117992735755
1.0716254017884919
1.0716254017884919
0.33710593614571116
0.3371060810303218
2.1794492489570714
2.1794492489570714
0.04586860381219644
0.04586860381219644
0.28790974589645
0.28790974589645
0.80806473994666
0.80806473994666
1.3513281767109888
1.3513281767109888
3.647681304629698
3.647681304629698
4.119173400516014
4.119173400516014
2.381312758334015
2.381312758334015
4.276668440484042
4.276680989104997
1.9130339658083844
1.9130339658083844
3.1628543661715898
3.1628543661715898
3.8143651312692426
3.8143651312692426
1.7408867040675842
1.7408867040675842
1.0225149777811398
1.0225149777811398
2.780955735350314
2.7809808722113663
2.082922363285144
2.082922363285144
0.5827470996137704
0.5827696663674647
0.0003081636505446395
0.0003081636505446395
0.0006358946044550233
0.0006358946044550233
0.1962960389874663
0.19629627775363484
0.14010433307016798
0.14010456342410443
0.11883008325894472
0.11883030824924133
0.09905823595813874
0.09905845382601094
0.06202585460022664
0.06202604624614962
0.049858241654207366
0.049858337590117895
0.042379707637021126
0.042379866958971134
0.9107914381738292
0.9107914381738292
0.8280356845904939
0.8280356845904939
0.7551380033200742
0.7551380033200742
0.6816443328543962
0.6816443328543962
0.560588360922214
0.560588360922214
0.6372533193056426
0.6372533193056426
0.5999405587448415
0.5999405587448415
0.5156380060483048
0.5156380060483048
0.44067489679224636
0.44067489679224636
1.853545983264777
1.853545983264777
1.6646155564985392
1.6646155564985392
1.6019142813677842
1.6019142813677842
1.4828653297086816
1.4828653297086816
1.3950460180436337
1.3950460180436337
1.259650619757252
1.259650619757252
1.126208957293638
1.126208957293638
0.6787170734048132
0.6787172695119713
0.589640396751525
0.5896405885996703
0.5398580668636189
0.5398582531137341
0.4882327747226414
0.4882329538191146
0.42209568685679355
0.42209585409498557
0.37956017143958415
0.37956032884437857
1.4666684724768067
1.4666687530678677
1.395514671279322
1.3955149447759625
1.27281267979731
1.2728129301685582
1.1301544748674963
1.130154700686249
0.8671249255394128
0.8671249255394128
0.784556158165153
0.784556158165153
0.7573477413739595
0.757348040950599
0.44332074453109205
0.4433210825752922
0.13741145550647602
0.13741149740938888
0.12908204039446725
0.1290820953428354
0.11077196065079987
0.11077196065079987
0.09681508186936148
0.09681508186936148
0.29261859856196415
0.29261906777482116
0.2293071400586087
0.2293071400586087
0.21065250588495837
0.21065250588495837
0.20577093182721284
0.20577093182721284
0.15523877714978282
0.15523921008359487
0.1533186473372228
0.15331873923907094
0.13822338759214403
0.13822353378079427
0.11571444049680683
0.11571459461040763
0.0975558143629498
0.09755597894993391
0.09081527798939416
0.09081527798939416
0.01254955646587637
0.01254955646587637
0.020395773082921884
0.020395773082921884
0.04914551992084451
0.04914551992084451
0.06896907482358042
0.06896907482358042
0.0007685265512634098
0.0007685265512634098
0.027999830021806834
0.028020603784542093
0.01897423331599599
0.019023411497409465
0.007695788048665348
0.007707307117923738
0.010963500580786123
0.010963500580786123
0.019332250335903873
0.019356716463545375
0.001972359873940471
0.0019732063510587085
0.38934448559700496
0.38934448559700496
0.09707097704777944
0.09707097704777944
0.17308004005964972
0.17308004005964972
0.13838380626424548
0.13838380626424548
0.11240716939030293
0.11240716939030293
0.3504718433193265
0.3504718433193265
0.5227874190463001
0.5227874190463001
0.2544605480352712
0.2544605480352712
0.23534439368805943
0.23534439368805943
0.1918412642625417
0.1918412642625417
0.1260678408843823
0.1260678408843823
0.1997873196941418
0.1997873196941418
0.05151628159756976
0.05151628159756976
0.04045127706389763
0.04045127706389763
0.19953932218369966
0.1995726929341086
2.0569359036197307e-05
2.0569359036197307e-05
1.6375533735661115e-05
2.7100742558057802e-05
4.275556469218108e-05
4.537102599597698e-05
1.7993539395124624e-05
1.8796003553280826e-05
2.851444789009922e-05
6.582759529843214e-05
1.2172125277216492e-05
3.546377546612334e-05
1.7251889587556252e-05
1.7251889587556252e-05
7.868851136931232e-06
7.868851136931232e-06
1.490148093880428e-05
1.490148093880428e-05
8.82377934408288e-06
4.367732098384678e-05
4.827417528318571e-05
5.458430067117372e-05
4.401948434983908e-06
3.731538447176324e-05
8.949821083591177e-06
3.2816582283480587e-05
1.6451932218461227e-05
1.6451932218461227e-05
2.6837961410255024e-05
7.569044600985734e-05
1.9356910057604896e-05
1.9356910057604896e-05
7.449035475635495e-05
7.463619198218463e-05
1.4329355317632499e-05
1.4329355317632499e-05
3.4956220911734815e-06
3.4956220911734815e-06
3.621136284537749e-05
4.4794145836054006e-05
4.68948920803032e-05
4.68948920803032e-05
5.351629438420519e-05
5.8849485157974327e-05
3.765961826226068e-05
3.765961826226068e-05
8.813452025190446e-06
8.813452025190446e-06
3.904584805195084e-06
3.904584805195084e-06
8.503404648916444e-06
8.503404648916444e-06
1.3147890677341749e-05
2.2501623922203423e-05
4.485041027411843e-06
5.347902178382522e-05
4.289927546170811e-05
4.289927546170811e-05
1.6624606330226477e-05
1.6624606330226477e-05
3.998069234154e-05
5.532054270944878e-05
1.0364518853133758e-05
2.3358563784531483e-05
1.5139842821573582e-05
1.9204625842198463e-05
1.0175818355580834e-05
6.023618866915505e-05
2.413470257777718
2.413470257777718
1.9932586667389112
1.9932846972193867
1.4466846219803058
1.446711334173138
2.757676288417345
2.757676288417345
2.5779301981028224
2.5779301981028224
5.1940408517454735
5.194104016767101
0.23061633261783332
0.23064318078005083
0.053302432958811444
0.05330261363169238
